{
  "advancedEditorSelectedIdentifier" : "ProjectBrowser",
  "openSceneRelativePaths" : [
    "Scene.usda",
    "Untitled Scene.usda"
  ],
  "recentIdentifiers" : {
    "A174E17F-693A-416D-BB10-A169988ECF49" : [

    ]
  },
  "sceneCameraHistory" : {
    "A174E17F-693A-416D-BB10-A169988ECF49" : [
      {
        "date" : 799166106.677357,
        "title" : "Untitled",
        "transform" : [
          0.99616617,
          -4.9516315e-09,
          -0.08748081,
          0,
          0.0027712085,
          0.99949807,
          0.03155644,
          0,
          0.08743694,
          -0.03167782,
          0.9956663,
          0,
          0.031930685,
          0.16205233,
          0.44432953,
          1
        ]
      },
      {
        "date" : 799166082.941018,
        "title" : "Untitled",
        "transform" : [
          0.99616617,
          -4.9516315e-09,
          -0.08748081,
          0,
          0.0027712085,
          0.99949807,
          0.03155644,
          0,
          0.08743694,
          -0.03167782,
          0.9956663,
          0,
          0.027798472,
          0.090665646,
          0.4424212,
          1
        ]
      },
      {
        "date" : 799166080.085382,
        "title" : "Untitled",
        "transform" : [
          0.99709475,
          -5.8054392e-09,
          0.076171234,
          0,
          0.014589004,
          0.9814869,
          -0.19097261,
          0,
          -0.07476104,
          0.19152911,
          0.9786355,
          0,
          -0.042352144,
          0.1870056,
          0.409835,
          1
        ]
      },
      {
        "date" : 799163313.90979,
        "title" : "Untitled",
        "transform" : [
          0.98150384,
          -5.787193e-09,
          0.19144273,
          0,
          0.010596207,
          0.998467,
          -0.054325476,
          0,
          -0.19114922,
          0.05534929,
          0.9799992,
          0,
          -0.09381641,
          0.1288551,
          0.4234671,
          1
        ]
      },
      {
        "date" : 799163303.776361,
        "title" : "Untitled",
        "transform" : [
          0.98150384,
          -5.787193e-09,
          0.19144273,
          0,
          0.010596207,
          0.998467,
          -0.054325476,
          0,
          -0.19114922,
          0.05534929,
          0.9799992,
          0,
          -0.046687897,
          0.17766716,
          0.42990264,
          1
        ]
      },
      {
        "date" : 799163301.41098,
        "title" : "Untitled",
        "transform" : [
          0.98150384,
          -5.787193e-09,
          0.19144273,
          0,
          0.010596207,
          0.998467,
          -0.054325476,
          0,
          -0.19114922,
          0.05534929,
          0.9799992,
          0,
          -0.025160532,
          0.13198656,
          0.43668157,
          1
        ]
      },
      {
        "date" : 799162991.588086,
        "title" : "Untitled",
        "transform" : [
          0.98150384,
          -5.787193e-09,
          0.19144273,
          0,
          0.010596207,
          0.998467,
          -0.054325476,
          0,
          -0.19114922,
          0.05534929,
          0.9799992,
          0,
          -0.034741323,
          0.14183916,
          0.43425635,
          1
        ]
      },
      {
        "date" : 799162983.220643,
        "title" : "Untitled",
        "transform" : [
          0.9900047,
          -3.3720884e-09,
          0.14103405,
          0,
          -0.015100586,
          0.9942515,
          0.10600032,
          0,
          -0.14022331,
          -0.10707046,
          0.9843137,
          0,
          0.1837458,
          0.08840899,
          0.46508622,
          1
        ]
      }
    ]
  },
  "sceneViewportBackgroundColors" : {

  },
  "selectedSceneRelativePath" : "Scene.usda"
}