{
  "advancedEditorSelectedIdentifier" : "BehaviorsPluginID",
  "openSceneRelativePaths" : [
    "Scene.usda"
  ],
  "recentIdentifiers" : {
    "A174E17F-693A-416D-BB10-A169988ECF49" : [

    ]
  },
  "sceneCameraHistory" : {
    "A174E17F-693A-416D-BB10-A169988ECF49" : [
      {
        "date" : 798979783.916124,
        "title" : "Untitled",
        "transform" : [
          0.88154334,
          -2.5029943e-09,
          0.47210318,
          0,
          0.07588449,
          0.9869973,
          -0.1416967,
          0,
          -0.46596456,
          0.16073708,
          0.8700809,
          0,
          -0.21038832,
          0.21939866,
          0.4840156,
          1
        ]
      },
      {
        "date" : 798979782.63366,
        "title" : "Untitled",
        "transform" : [
          0.88154334,
          -2.5029943e-09,
          0.47210318,
          0,
          0.07588449,
          0.9869973,
          -0.1416967,
          0,
          -0.46596456,
          0.16073708,
          0.8700809,
          0,
          -0.26299834,
          0.27426186,
          0.6050493,
          1
        ]
      },
      {
        "date" : 798979775.652608,
        "title" : "Untitled",
        "transform" : [
          0.88154334,
          -2.5029943e-09,
          0.47210318,
          0,
          0.07588449,
          0.9869973,
          -0.1416967,
          0,
          -0.46596456,
          0.16073708,
          0.8700809,
          0,
          -0.40137795,
          0.41856802,
          0.923403,
          1
        ]
      },
      {
        "date" : 798979756.519669,
        "title" : "Untitled",
        "transform" : [
          0.88154334,
          -2.5029943e-09,
          0.47210318,
          0,
          0.07588449,
          0.9869973,
          -0.1416967,
          0,
          -0.46596456,
          0.16073708,
          0.8700809,
          0,
          -0.22078452,
          0.23024026,
          0.507933,
          1
        ]
      },
      {
        "date" : 798976396.895145,
        "title" : "Untitled",
        "transform" : [
          0.8815433,
          -7.6082163e-10,
          0.47210315,
          0,
          0.075884506,
          0.9869973,
          -0.1416967,
          0,
          -0.46596426,
          0.16073693,
          0.87008107,
          0,
          -0.10851074,
          0.12159699,
          0.30452788,
          1
        ]
      },
      {
        "date" : 798976265.034259,
        "title" : "Untitled",
        "transform" : [
          0.8815433,
          -7.6082163e-10,
          0.47210315,
          0,
          0.075884506,
          0.9869973,
          -0.1416967,
          0,
          -0.46596426,
          0.16073693,
          0.87008107,
          0,
          -0.11941078,
          0.13381156,
          0.33511811,
          1
        ]
      },
      {
        "date" : 798767584.866305,
        "title" : "Untitled",
        "transform" : [
          0.8815433,
          -7.6082163e-10,
          0.47210315,
          0,
          0.075884506,
          0.9869973,
          -0.1416967,
          0,
          -0.46596426,
          0.16073693,
          0.87008107,
          0,
          -0.18179192,
          0.20371577,
          0.51018643,
          1
        ]
      },
      {
        "date" : 798767577.586038,
        "title" : "Untitled",
        "transform" : [
          0.8815433,
          -7.6082163e-10,
          0.47210315,
          0,
          0.075884506,
          0.9869973,
          -0.1416967,
          0,
          -0.46596426,
          0.16073693,
          0.87008107,
          0,
          -0.12606885,
          0.11765797,
          0.38163388,
          1
        ]
      },
      {
        "date" : 798767572.122788,
        "title" : "Untitled",
        "transform" : [
          0.27584168,
          -1.2990206e-09,
          0.96120304,
          0,
          -0.021150228,
          0.99975795,
          0.0060696076,
          0,
          -0.9609703,
          -0.022004081,
          0.27577528,
          0,
          -1.1527708,
          0.38729852,
          0.43441167,
          1
        ]
      },
      {
        "date" : 798767568.392835,
        "title" : "Untitled",
        "transform" : [
          0.30874372,
          3.2289732e-10,
          0.95114535,
          0,
          -0.044149026,
          0.99892217,
          0.014330871,
          0,
          -0.9501201,
          -0.046416868,
          0.30841133,
          0,
          -1.1475505,
          0.35805976,
          0.47587597,
          1
        ]
      }
    ],
    "E1B1B63B-6B00-45BB-AA67-B57CC9CE2E48" : [
      {
        "date" : 798766578.57577,
        "title" : "Untitled",
        "transform" : [
          0.9907563,
          5.6036353e-09,
          0.13565426,
          0,
          0.008005858,
          0.998257,
          -0.058471087,
          0,
          -0.1354178,
          0.05901668,
          0.9890293,
          0,
          -0.023658235,
          0.09296362,
          0.24044646,
          1
        ]
      },
      {
        "date" : 798766557.253914,
        "title" : "Untitled",
        "transform" : [
          0.9907563,
          5.6036353e-09,
          0.13565426,
          0,
          0.008005858,
          0.998257,
          -0.058471087,
          0,
          -0.1354178,
          0.05901668,
          0.9890293,
          0,
          -0.021819027,
          0.08506387,
          0.2270137,
          1
        ]
      },
      {
        "date" : 798766465.153206,
        "title" : "Untitled",
        "transform" : [
          0.9907563,
          5.6036353e-09,
          0.13565426,
          0,
          0.008005858,
          0.998257,
          -0.058471087,
          0,
          -0.1354178,
          0.05901668,
          0.9890293,
          0,
          -0.030395746,
          0.11850113,
          0.31624916,
          1
        ]
      },
      {
        "date" : 798766457.793637,
        "title" : "Untitled",
        "transform" : [
          0.9907563,
          5.6036353e-09,
          0.13565426,
          0,
          0.008005858,
          0.998257,
          -0.058471087,
          0,
          -0.1354178,
          0.05901668,
          0.9890293,
          0,
          -0.042128213,
          0.16424142,
          0.4383183,
          1
        ]
      },
      {
        "date" : 798766448.781487,
        "title" : "Untitled",
        "transform" : [
          0.9907563,
          5.6036353e-09,
          0.13565426,
          0,
          0.008005858,
          0.998257,
          -0.058471087,
          0,
          -0.1354178,
          0.05901668,
          0.9890293,
          0,
          -0.041585814,
          0.16212682,
          0.4326752,
          1
        ]
      },
      {
        "date" : 798766444.68207,
        "title" : "Untitled",
        "transform" : [
          0.9378545,
          -2.3900077e-09,
          0.34702846,
          0,
          -0.040750373,
          0.9930815,
          0.11012907,
          0,
          -0.3446276,
          -0.117426604,
          0.9313661,
          0,
          -0.14185916,
          0.08323486,
          0.4337859,
          1
        ]
      }
    ]
  },
  "sceneViewportBackgroundColors" : {

  },
  "selectedSceneRelativePath" : "Scene.usda"
}