{
  "advancedEditorSelectedIdentifier" : "BehaviorsPluginID",
  "openSceneRelativePaths" : [
    "Scene.usda"
  ],
  "recentIdentifiers" : {
    "A174E17F-693A-416D-BB10-A169988ECF49" : [

    ]
  },
  "sceneCameraHistory" : {
    "A174E17F-693A-416D-BB10-A169988ECF49" : [
      {
        "date" : 798767584.866305,
        "title" : "Untitled",
        "transform" : [
          0.8815433,
          -7.6082163e-10,
          0.47210315,
          0,
          0.075884506,
          0.9869973,
          -0.1416967,
          0,
          -0.46596426,
          0.16073693,
          0.87008107,
          0,
          -0.18179192,
          0.20371577,
          0.51018643,
          1
        ]
      },
      {
        "date" : 798767577.586038,
        "title" : "Untitled",
        "transform" : [
          0.8815433,
          -7.6082163e-10,
          0.47210315,
          0,
          0.075884506,
          0.9869973,
          -0.1416967,
          0,
          -0.46596426,
          0.16073693,
          0.87008107,
          0,
          -0.12606885,
          0.11765797,
          0.38163388,
          1
        ]
      },
      {
        "date" : 798767572.122788,
        "title" : "Untitled",
        "transform" : [
          0.27584168,
          -1.2990206e-09,
          0.96120304,
          0,
          -0.021150228,
          0.99975795,
          0.0060696076,
          0,
          -0.9609703,
          -0.022004081,
          0.27577528,
          0,
          -1.1527708,
          0.38729852,
          0.43441167,
          1
        ]
      },
      {
        "date" : 798767568.392835,
        "title" : "Untitled",
        "transform" : [
          0.30874372,
          3.2289732e-10,
          0.95114535,
          0,
          -0.044149026,
          0.99892217,
          0.014330871,
          0,
          -0.9501201,
          -0.046416868,
          0.30841133,
          0,
          -1.1475505,
          0.35805976,
          0.47587597,
          1
        ]
      },
      {
        "date" : 798767566.316533,
        "title" : "Untitled",
        "transform" : [
          0.67655444,
          3.647158e-09,
          0.73639256,
          0,
          0.046945244,
          0.9979659,
          -0.043130547,
          0,
          -0.73489445,
          0.06375014,
          0.6751786,
          0,
          -0.81089246,
          0.49211672,
          0.8785276,
          1
        ]
      },
      {
        "date" : 798767561.203781,
        "title" : "Untitled",
        "transform" : [
          0.679771,
          4.1120183e-09,
          0.73342437,
          0,
          0.008842518,
          0.9999273,
          -0.008195642,
          0,
          -0.7333709,
          0.01205632,
          0.6797219,
          0,
          -0.8231174,
          0.42970982,
          0.8969908,
          1
        ]
      },
      {
        "date" : 798767530.492305,
        "title" : "Untitled",
        "transform" : [
          0.679771,
          4.1120183e-09,
          0.73342437,
          0,
          0.008842518,
          0.9999273,
          -0.008195642,
          0,
          -0.7333709,
          0.01205632,
          0.6797219,
          0,
          -0.8202262,
          0.4903402,
          0.8990347,
          1
        ]
      },
      {
        "date" : 798767521.195523,
        "title" : "Untitled",
        "transform" : [
          0.68300587,
          4.6900404e-09,
          0.73041284,
          0,
          0.09584466,
          0.99135333,
          -0.08962391,
          0,
          -0.7240971,
          0.13121969,
          0.67710036,
          0,
          -0.79668367,
          0.5647975,
          0.9015426,
          1
        ]
      },
      {
        "date" : 798767516.321514,
        "title" : "Untitled",
        "transform" : [
          0.9800988,
          2.55418e-09,
          0.19851027,
          0,
          0.050764225,
          0.96674937,
          -0.25063658,
          0,
          -0.19190954,
          0.25572565,
          0.94750994,
          0,
          -0.10955118,
          0.7119429,
          1.1169674,
          1
        ]
      },
      {
        "date" : 798767493.062382,
        "title" : "Untitled",
        "transform" : [
          0.8191411,
          2.0894362e-09,
          0.57359195,
          0,
          0.19812237,
          0.93845326,
          -0.2829366,
          0,
          -0.5382892,
          0.34540623,
          0.7687259,
          0,
          -0.50554013,
          0.8136717,
          0.9213296,
          1
        ]
      }
    ],
    "E1B1B63B-6B00-45BB-AA67-B57CC9CE2E48" : [
      {
        "date" : 798766578.57577,
        "title" : "Untitled",
        "transform" : [
          0.9907563,
          5.6036353e-09,
          0.13565426,
          0,
          0.008005858,
          0.998257,
          -0.058471087,
          0,
          -0.1354178,
          0.05901668,
          0.9890293,
          0,
          -0.023658235,
          0.09296362,
          0.24044646,
          1
        ]
      },
      {
        "date" : 798766557.253914,
        "title" : "Untitled",
        "transform" : [
          0.9907563,
          5.6036353e-09,
          0.13565426,
          0,
          0.008005858,
          0.998257,
          -0.058471087,
          0,
          -0.1354178,
          0.05901668,
          0.9890293,
          0,
          -0.021819027,
          0.08506387,
          0.2270137,
          1
        ]
      },
      {
        "date" : 798766465.153206,
        "title" : "Untitled",
        "transform" : [
          0.9907563,
          5.6036353e-09,
          0.13565426,
          0,
          0.008005858,
          0.998257,
          -0.058471087,
          0,
          -0.1354178,
          0.05901668,
          0.9890293,
          0,
          -0.030395746,
          0.11850113,
          0.31624916,
          1
        ]
      },
      {
        "date" : 798766457.793637,
        "title" : "Untitled",
        "transform" : [
          0.9907563,
          5.6036353e-09,
          0.13565426,
          0,
          0.008005858,
          0.998257,
          -0.058471087,
          0,
          -0.1354178,
          0.05901668,
          0.9890293,
          0,
          -0.042128213,
          0.16424142,
          0.4383183,
          1
        ]
      },
      {
        "date" : 798766448.781487,
        "title" : "Untitled",
        "transform" : [
          0.9907563,
          5.6036353e-09,
          0.13565426,
          0,
          0.008005858,
          0.998257,
          -0.058471087,
          0,
          -0.1354178,
          0.05901668,
          0.9890293,
          0,
          -0.041585814,
          0.16212682,
          0.4326752,
          1
        ]
      },
      {
        "date" : 798766444.68207,
        "title" : "Untitled",
        "transform" : [
          0.9378545,
          -2.3900077e-09,
          0.34702846,
          0,
          -0.040750373,
          0.9930815,
          0.11012907,
          0,
          -0.3446276,
          -0.117426604,
          0.9313661,
          0,
          -0.14185916,
          0.08323486,
          0.4337859,
          1
        ]
      }
    ]
  },
  "sceneViewportBackgroundColors" : {

  }
}